23.0 
64.0 
45.0 
24.0 
26.0 
47.0 
17.0 
43.0 
36.0 
42.0 
133.0 
44.0 
32.0 
20.0 
43.0 
92.0 
35.0 
52.0 
46.0 
47.0 
34.0 
55.0 
77.0 
30.0 
28.0 
83.0 
35.0 
50.0 
35.0 
64.0 
72.0 
74.0 
18.0 
39.0 
22.0 
43.0 
85.0 
51.0 
51.0 
31.0 
45.0 
35.0 
77.0 
33.0 
37.0 
38.0 
35.0 
52.0 
43.0 
37.0 
123.0 
32.0 
51.0 
32.0 
38.0 
56.0 
42.0 
35.0 
35.0 
21.0 
23.0 
53.0 
39.0 
60.0 
58.0 
27.0 
57.0 
56.0 
36.0 
28.0 
68.0 
35.0 
37.0 
38.0 
23.0 
21.0 
62.0 
50.0 
37.0 
62.0 
63.0 
56.0 
65.0 
33.0 
23.0 
38.0 
56.0 
53.0 
62.0 
51.0 
94.0 
32.0 
25.0 
43.0 
58.0 
32.0 
43.0 
42.0 
37.0 
43.0 
28.0 
52.0 
43.0 
78.0 
33.0 
47.0 
27.0 
43.0 
40.0 
52.0 
60.0 
30.0 
68.0 
35.0 
31.0 
26.0 
54.0 
60.0 
36.0 
55.0 
74.0 
37.0 
69.0 
37.0 
51.0 
56.0 
23.0 
30.0 
52.0 
33.0 
58.0 
31.0 
30.0 
74.0 
45.0 
34.0 
33.0 
85.0 
78.0 
41.0 
30.0 
74.0 
63.0 
47.0 
58.0 
21.0 
28.0 
35.0 
23.0 
87.0 
36.0 
50.0 
27.0 
38.0 
30.0 
78.0 
28.0 
55.0 
32.0 
49.0 
78.0 
73.0 
35.0 
26.0 
71.0 
61.0 
48.0 
82.0 
42.0 
27.0 
39.0 
92.0 
28.0 
60.0 
33.0 
27.0 
27.0 
41.0 
36.0 
65.0 
42.0 
36.0 
34.0 
58.0 
34.0 
16.0 
33.0 
54.0 
30.0 
44.0 
32.0 
51.0 
48.0 
46.0 
48.0 
20.0 
73.0 
39.0 
23.0 
42.0 
84.0 
74.0 
84.0 
82.0 
104.0 
50.0 
31.0 
19.0 
28.0 
53.0 
44.0 
40.0 
39.0 
50.0 
93.0 
48.0 
54.0 
28.0 
62.0 
32.0 
40.0 
20.0 
68.0 
23.0 
45.0 
35.0 
28.0 
69.0 
33.0 
60.0 
47.0 
53.0 
39.0 
76.0 
29.0 
38.0 
37.0 
42.0 
38.0 
55.0 
46.0 
67.0 
50.0 
89.0 
48.0 
83.0 
53.0 
44.0 
41.0 
74.0 
53.0 
15.0 
54.0 
47.0 
30.0 
38.0 
50.0 
52.0 
34.0 
52.0 
65.0 
49.0 
25.0 
35.0 
20.0 
39.0 
39.0 
104.0 
19.0 
47.0 
44.0 
55.0 
39.0 
53.0 
38.0 
46.0 
70.0 
27.0 
33.0 
70.0 
40.0 
59.0 
35.0 
36.0 
47.0 
26.0 
57.0 
111.0 
20.0 
23.0 
24.0 
37.0 
35.0 
26.0 
38.0 
94.0 
72.0 
40.0 
54.0 
33.0 
30.0 
30.0 
49.0 
41.0 
18.0 
19.0 
40.0 
83.0 
67.0 
39.0 
19.0 
48.0 
60.0 
52.0 
71.0 
45.0 
56.0 
62.0 
43.0 
62.0 
44.0 
45.0 
70.0 
50.0 
49.0 
62.0 
66.0 
43.0 
37.0 
29.0 
25.0 
67.0 
48.0 
34.0 
52.0 
86.0 
57.0 
80.0 
61.0 
23.0 
64.0 
76.0 
37.0 
36.0 
14.0 
46.0 
86.0 
31.0 
38.0 
56.0 
40.0 
52.0 
69.0 
28.0 
56.0 
28.0 
69.0 
47.0 
43.0 
37.0 
33.0 
34.0 
45.0 
47.0 
38.0 
74.0 
69.0 
33.0 
64.0 
26.0 
46.0 
65.0 
23.0 
25.0 
27.0 
41.0 
33.0 
83.0 
59.0 
32.0 
38.0 
29.0 
44.0 
45.0 
45.0 
59.0 
48.0 
53.0 
33.0 
40.0 
38.0 
39.0 
63.0 
27.0 
70.0 
38.0 
65.0 
38.0 
38.0 
32.0 
66.0 
89.0 
26.0 
43.0 
36.0 
41.0 
37.0 
65.0 
29.0 
75.0 
26.0 
32.0 
65.0 
47.0 
40.0 
49.0 
63.0 
19.0 
65.0 
31.0 
30.0 
28.0 
35.0 
54.0 
46.0 
32.0 
52.0 
42.0 
43.0 
35.0 
27.0 
32.0 
40.0 
56.0 
51.0 
36.0 
34.0 
63.0 
44.0 
75.0 
37.0 
27.0 
34.0 
64.0 
19.0 
34.0 
63.0 
80.0 
54.0 
37.0 
67.0 
38.0 
34.0 
72.0 
19.0 
70.0 
19.0 
48.0 
70.0 
32.0 
51.0 
52.0 
38.0 
52.0 
71.0 
42.0 
33.0 
74.0 
40.0 
23.0 
44.0 
39.0 
77.0 
46.0 
30.0 
101.0 
38.0 
79.0 
62.0 
49.0 
33.0 
29.0 
70.0 
47.0 
32.0 
36.0 
69.0 
28.0 
39.0 
30.0 
53.0 
51.0 
55.0 
72.0 
62.0 
57.0 
60.0 
25.0 
52.0 
44.0 
41.0 
27.0 
46.0 
40.0 
61.0 
34.0 
41.0 
60.0 
74.0 
60.0 
53.0 
24.0 
48.0 
51.0 
33.0 
101.0 
37.0 
42.0 
37.0 
43.0 
104.0 
68.0 
33.0 
21.0 
86.0 
19.0 
28.0 
34.0 
30.0 
98.0 
30.0 
66.0 
14.0 
24.0 
18.0 
38.0 
77.0 
28.0 
91.0 
59.0 
71.0 
33.0 
43.0 
20.0 
63.0 
86.0 
46.0 
100.0 
45.0 
32.0 
44.0 
78.0 
45.0 
52.0 
32.0 
89.0 
65.0 
59.0 
46.0 
38.0 
54.0 
67.0 
29.0 
68.0 
77.0 
78.0 
37.0 
33.0 
65.0 
23.0 
74.0 
27.0 
37.0 
20.0 
69.0 
26.0 
50.0 
49.0 
54.0 
37.0 
65.0 
33.0 
33.0 
32.0 
23.0 
97.0 
84.0 
73.0 
45.0 
38.0 
55.0 
26.0 
29.0 
38.0 
48.0 
54.0 
23.0 
63.0 
62.0 
41.0 
73.0 
45.0 
76.0 
51.0 
59.0 
35.0 
30.0 
22.0 
72.0 
32.0 
74.0 
51.0 
49.0 
84.0 
67.0 
48.0 
44.0 
62.0 
29.0 
28.0 
71.0 
28.0 
22.0 
43.0 
51.0 
72.0 
68.0 
38.0 
21.0 
71.0 
30.0 
53.0 
52.0 
30.0 
36.0 
33.0 
51.0 
48.0 
41.0 
59.0 
26.0 
53.0 
33.0 
23.0 
37.0 
71.0 
30.0 
30.0 
32.0 
57.0 
42.0 
48.0 
48.0 
49.0 
31.0 
52.0 
76.0 
87.0 
60.0 
67.0 
48.0 
52.0 
37.0 
42.0 
46.0 
21.0 
50.0 
34.0 
47.0 
78.0 
35.0 
33.0 
26.0 
43.0 
37.0 
37.0 
41.0 
62.0 
57.0 
34.0 
39.0 
40.0 
32.0 
65.0 
27.0 
35.0 
35.0 
26.0 
26.0 
42.0 
18.0 
28.0 
53.0 
30.0 
50.0 
67.0 
65.0 
19.0 
35.0 
63.0 
59.0 
33.0 
38.0 
46.0 
36.0 
42.0 
80.0 
32.0 
55.0 
76.0 
54.0 
48.0 
59.0 
70.0 
30.0 
33.0 
38.0 
82.0 
49.0 
24.0 
32.0 
36.0 
25.0 
68.0 
36.0 
52.0 
26.0 
29.0 
85.0 
47.0 
63.0 
18.0 
55.0 
30.0 
21.0 
24.0 
26.0 
43.0 
22.0 
33.0 
55.0 
43.0 
35.0 
36.0 
33.0 
49.0 
33.0 
93.0 
37.0 
55.0 
35.0 
37.0 
40.0 
49.0 
38.0 
70.0 
57.0 
31.0 
22.0 
52.0 
45.0 
48.0 
57.0 
22.0 
44.0 
52.0 
47.0 
37.0 
36.0 
59.0 
51.0 
46.0 
84.0 
51.0 
35.0 
47.0 
37.0 
34.0 
48.0 
46.0 
29.0 
32.0 
42.0 
100.0 
63.0 
69.0 
47.0 
75.0 
39.0 
27.0 
44.0 
39.0 
39.0 
31.0 
59.0 
127.0 
42.0 
31.0 
36.0 
34.0 
156.0 
31.0 
46.0 
53.0 
45.0 
68.0 
58.0 
76.0 
30.0 
45.0 
81.0 
53.0 
29.0 
44.0 
54.0 
29.0 
30.0 
73.0 
34.0 
40.0 
26.0 
50.0 
49.0 
68.0 
74.0 
60.0 
23.0 
47.0 
39.0 
39.0 
37.0 
86.0 
60.0 
40.0 
55.0 
72.0 
36.0 
19.0 
104.0 
41.0 
58.0 
29.0 
35.0 
40.0 
35.0 
58.0 
41.0 
43.0 
22.0 
15.0 
73.0 
34.0 
38.0 
38.0 
61.0 
49.0 
30.0 
49.0 
50.0 
20.0 
41.0 
62.0 
33.0 
73.0 
23.0 
63.0 
42.0 
43.0 
52.0 
39.0 
40.0 
37.0 
48.0 
46.0 
51.0 
35.0 
47.0 
30.0 
67.0 
36.0 
44.0 
27.0 
38.0 
27.0 
19.0 
44.0 
40.0 
37.0 
31.0 
54.0 
27.0 
47.0 
68.0 
45.0 
39.0 
35.0 
77.0 
34.0 
60.0 
51.0 
55.0 
49.0 
28.0 
50.0 
34.0 
63.0 
80.0 
39.0 
31.0 
26.0 
70.0 
66.0 
51.0 
29.0 
31.0 
47.0 
66.0 
39.0 
52.0 
22.0 
46.0 
30.0 
32.0 
52.0 
33.0 
67.0 
18.0 
33.0 
39.0 
59.0 
40.0 
40.0 
53.0 
33.0 
73.0 
44.0 
53.0 
42.0 
48.0 
85.0 
56.0 
42.0 
74.0 
68.0 
32.0 
30.0 
37.0 
28.0 
39.0 
38.0 
44.0 
27.0 
83.0 
79.0 
55.0 
54.0 
70.0 
44.0 
26.0 
27.0 
22.0 
34.0 
42.0 
52.0 
69.0 
57.0 
40.0 
27.0 
28.0 
67.0 
41.0 
39.0 
43.0 
36.0 
85.0 
27.0 
41.0 
26.0 
70.0 
33.0 
41.0 
60.0 
92.0 
27.0 
25.0 
42.0 
36.0 
53.0 
43.0 
45.0 
54.0 
43.0 
60.0 
39.0 
59.0 
34.0 
25.0 
42.0 
30.0 
56.0 
